//Dilithium add-count = 128
001100101100
101010111001
001100111101
101011000000
111110001101
010010111111
001110010001
010011100000
110100100111
011001110111
101110101110
100000001101
110111011000
000000000110
100011001010
101111010100
001001010101
010011011101
011101101000
000101100011
001101010001
011001100000
110000000000
010111000100
110000010110
110100011101
011000100111
010101011110
101111000110
010011111100
111011010101
011011111110
010000011011
100011001110
110101111011
010101110101
000000100001
100001011100
100011000010
111010010101
011010111100
110111001001
011100010101
110001000111
111100001000
110000110001
011001000100
100010011001
110001010100
111001101100
101011110000
000011001000
110011101001
111000111011
010000100111
110111100111
000110001001
101110010100
010011100001
110011101110
011010010100
000101110001
111000110000
100001011000
100110000011
011110111000
111001111010
111010110110
001010000111
110100011011
110011011001
000101110100
101011110110
001001011000
001010010110
011100110010
011010001110
010011000100
010011110100
100100000001
101011110010
010100010001
011011101100
010101010101
010001111101
101011111001
010111110110
000011011011
111001010000
011111111000
000001111010
010101111110
100001111101
011111100011
110011110010
110011101010
110010110001
001101000101
111100101000
011100001010
110010000110
101100010011
111010111110
101000011000
110101110011
110110000010
101110101011
010001110111
110110011101
001001111110
010100100010
110011011010
100011001011
110101000111
001001111111
100001110011
101111010010
011000111000
000101100001
011101000010
001101011100
110001001011
010110010111
100010010011
011000110100
110011101101
010000100011
001111101000

