//Dilithium add-count = 128
010010010111
011001110101
000110011100
010111111100
001000011011
001111111010
000100001001
011000100111
010101101010
011110011101
011001111110
011101111100
011011101010
011000000111
010000110101
000101100010
011110000001
011110001011
011001010010
000100110000
010011001000
010001111110
011000000101
000010011011
011100011111
010101100001
001111111010
011000011011
010110011101
010011010111
001101001111
001100001010
001111000100
011110010011
000111100010
001110010000
001011000101
001101100000
000111010001
001110110000
011101110010
000010100010
010101011001
011100001010
001001011101
001001011011
001001001101
001111011000
000101011101
000010000011
000001110110
001111101101
010101110100
011000101010
001001111010
011010110000
000010110101
001000110001
011101111000
010101000100
011011001001
010011001011
010101100111
011101100111
001010010000
001010001001
000000110101
011011010000
010011001110
011000011111
010101110111
010111001101
001011100101
000011100000
010101011101
011101000011
000101011011
010110111101
011001000011
000011100010
010000111001
010101110011
000111100110
000000111110
001000010001
011011001011
010000101101
011100100101
001110100100
000101110100
001011001000
010101100010
011000110001
010011000111
011001010011
001100011001
001100000000
001111111110
010101011110
001110001010
000001011010
000010100000
010010110100
001001100000
011011101101
010011101010
011001010011
011001000110
000001011010
011111100000
010110011011
001101100100
010101010001
001100101101
001111101100
001011001100
010101101011
010010001010
010011010001
000011100100
010001001000
010010011100
011001011011
011010100101
010001101000
011100011000
011011010101
000011001110
