//Dilithium add-count = 128
000011100111
010010010111
011100001000
001001101001
000101001110
000100100010
010011100000
001110100110
011000001011
001000110001
001101111110
011100101010
000101111001
011110110001
010101011010
010101111000
000011010011
010001010101
001111100111
000010110111
000111011010
010000111101
000111000000
011010010001
010001101010
001100011100
011100001100
010101001000
001111100110
001011110010
001100101100
001011101001
000100000111
000100001100
001110101100
000001000000
010101101000
001111101011
011011001000
010011111111
011000110101
010100000101
010110010001
000000000111
011100011110
010110100001
001001101011
000111101110
001010010010
000011000001
010110111011
001100111001
011110010000
010010000111
001101000110
011001101010
000100101001
001010101010
000001010111
000010111100
011101010100
011000010000
010101001000
001011100010
001100110101
010111100100
010100000010
011100111111
010000101100
001101001000
010001000100
011100001001
011011011010
000110000111
001000100001
001001000101
010001111100
000100100010
001110000111
001000011100
010010111110
010001011000
011100101111
011011001000
010011111110
000101011100
001000011111
011100011111
011111101010
010111101111
010100101010
011101001011
001010101111
011000100000
010101111111
001010110010
011000011001
010101010100
000110100011
010011010010
011000100100
001111000011
010011000101
000100110011
001010110110
001001110001
011101000100
010101110000
010110101101
010100111101
000000001101
010110011000
011100101001
001000100110
001010100110
001101000110
001001100100
010111001100
001011111001
001010100101
011100000111
001110011110
000010111010
001000110100
010100000110
010001101111
001111101100
011110011111


