//Dilithium add-count = 128
000110111010
111100001100
110100111100
000000011110
101111010010
011111100100
101001110100
011111111111
000011001111
010011111100
001100000011
100001111000
010000010100
011000111111
001001110100
111100111100
110110111111
000001000110
111101110011
011111110111
000011100001
010000011001
010111010010
111110100110
101101100101
101111110110
100010001101
110111110101
101100101101
110111010010
110001111100
011110101100
101110110011
100101100110
001110110000
001100000101
111010100111
111111110010
111101111101
101110111111
000110110011
101110111000
010111100100
110100011100
101110010110
101100001111
101110001001
011110011111
100110011001
000011100111
011110010000
100100000010
100010111001
110110001010
010100001010
001010101110
101110010111
111111100011
000001001001
101111111010
010101000001
111110011010
101111010011
001000111001
111010101110
001110000010
100001000100
010011101111
010111111110
011101110110
110001001011
011111101100
111110001111
011010111011
010011101100
101001011110
111100101010
101010110101
010011000110
000000101101
011011110001
001000100101
001111011010
010111000111
011111011011
111011110001
111110000101
100011110101
111011000110
110000001001
010101110000
011011010101
100001001110
111000011110
100101100001
011010010110
110100011111
001111001110
100010011111
011101011100
101011001010
011100101010
111101101110
010010010111
010110100000
110010101110
000001001101
010100010010
100101010010
101000011100
100000101001
111010100011
001010111010
011001010111
111010010011
100110101100
111001100100
011000101000
101110101111
100010000010
111100111000
011100110111
011000100101
011000011001
000010110111
110101001111
101110000010
001110101101

